A =

   -1.0000    3.5000   -1.0000    0.5000         0   -4.0000   -1.0000
   10.0000    2.5000    1.0000   -0.5000         0   12.0000   -1.0000
         0    4.0000         0    1.0000         0         0   -1.0000
    8.0000    1.7500    1.0000   -0.2500   -1.0000   10.0000   -1.0000
    4.0000   -1.0000         0   -1.0000         0    4.0000         0
   10.0000   -0.5000    1.0000   -0.5000         0   12.0000         0

>> lev = A(1, 1:7);
>> A(2, 1:7) = A(2, 1:7) + A(2, 6) * lev

A =

   -1.0000    3.5000   -1.0000    0.5000         0   -4.0000   -1.0000
   -2.0000   44.5000  -11.0000    5.5000         0  -36.0000  -13.0000
         0    4.0000         0    1.0000         0         0   -1.0000
    8.0000    1.7500    1.0000   -0.2500   -1.0000   10.0000   -1.0000
    4.0000   -1.0000         0   -1.0000         0    4.0000         0
   10.0000   -0.5000    1.0000   -0.5000         0   12.0000         0

>> A(2, 1:7) = [10 2.5 1 -.5 0 12 -1]

A =

   -1.0000    3.5000   -1.0000    0.5000         0   -4.0000   -1.0000
   10.0000    2.5000    1.0000   -0.5000         0   12.0000   -1.0000
         0    4.0000         0    1.0000         0         0   -1.0000
    8.0000    1.7500    1.0000   -0.2500   -1.0000   10.0000   -1.0000
    4.0000   -1.0000         0   -1.0000         0    4.0000         0
   10.0000   -0.5000    1.0000   -0.5000         0   12.0000         0

>> A(2, 1:7) = A(2, 1:7) + A(2, 7) * lev

A =

   -1.0000    3.5000   -1.0000    0.5000         0   -4.0000   -1.0000
   11.0000   -1.0000    2.0000   -1.0000         0   16.0000         0
         0    4.0000         0    1.0000         0         0   -1.0000
    8.0000    1.7500    1.0000   -0.2500   -1.0000   10.0000   -1.0000
    4.0000   -1.0000         0   -1.0000         0    4.0000         0
   10.0000   -0.5000    1.0000   -0.5000         0   12.0000         0

>> A(3, 1:7) = A(3, 1:7) + A(3, 7) * lev

A =

   -1.0000    3.5000   -1.0000    0.5000         0   -4.0000   -1.0000
   11.0000   -1.0000    2.0000   -1.0000         0   16.0000         0
    1.0000    0.5000    1.0000    0.5000         0    4.0000         0
    8.0000    1.7500    1.0000   -0.2500   -1.0000   10.0000   -1.0000
    4.0000   -1.0000         0   -1.0000         0    4.0000         0
   10.0000   -0.5000    1.0000   -0.5000         0   12.0000         0

>> A(4, 1:7) = A(4, 1:7) + A(4, 7) * lev

A =

   -1.0000    3.5000   -1.0000    0.5000         0   -4.0000   -1.0000
   11.0000   -1.0000    2.0000   -1.0000         0   16.0000         0
    1.0000    0.5000    1.0000    0.5000         0    4.0000         0
    9.0000   -1.7500    2.0000   -0.7500   -1.0000   14.0000         0
    4.0000   -1.0000         0   -1.0000         0    4.0000         0
   10.0000   -0.5000    1.0000   -0.5000         0   12.0000         0

>> A(5, 1:7) = A(5, 1:7) + A(5, 7) * lev

A =

   -1.0000    3.5000   -1.0000    0.5000         0   -4.0000   -1.0000
   11.0000   -1.0000    2.0000   -1.0000         0   16.0000         0
    1.0000    0.5000    1.0000    0.5000         0    4.0000         0
    9.0000   -1.7500    2.0000   -0.7500   -1.0000   14.0000         0
    4.0000   -1.0000         0   -1.0000         0    4.0000         0
   10.0000   -0.5000    1.0000   -0.5000         0   12.0000         0

>> A(6, 1:7) = A(6, 1:7) + A(6, 7) * lev

A =

   -1.0000    3.5000   -1.0000    0.5000         0   -4.0000   -1.0000
   11.0000   -1.0000    2.0000   -1.0000         0   16.0000         0
    1.0000    0.5000    1.0000    0.5000         0    4.0000         0
    9.0000   -1.7500    2.0000   -0.7500   -1.0000   14.0000         0
    4.0000   -1.0000         0   -1.0000         0    4.0000         0
   10.0000   -0.5000    1.0000   -0.5000         0   12.0000         0



constants column
>> A(1:6,1)

ans =

    -1
    11
     1
     9
     4
    10

>> o = o(1, 1:7) + o(1,7) * lev


objective =

   -1.0000   -5.5000   -4.0000   -0.5000         0   -4.0000         0

>> 
